N = 1000000
t = 0.878305457 s
d = -1.2814113994413865
a = 3.0
x = -0.711249474658135
y = 0.8523370245330187
